arduino output
xA: 1.4602422*2^-2, yA: 1.8012758*2^-5, xB: 1.4780257*2^-1, yB: 1.7503882*2^-1
calculated
xA:0.365
yA:0.056
xB:0.74
yB:0.875

real output (python)
xA:0.3650607
yA:0.05628988
xB:0.7390132
yB:0.8751942