arduino output
xA: -1.9453120*2^7, yA: 1.9388422*2^13, xB: -1.1503903*2^10, yB: 1.8444819*2^13

real output (python)
xA:0.3650607
yA:0.05628988
xB:0.7390132
yB:0.8751942